883
4272
5814
11747
19023
24919
25001
27962
31276
31975
33504
40140
47963
52554
55398
58844
63532
68012
78458
79693
87101
88819
89037
96924
98455
99673
100647
100807
103173
107122
107581
144178
144561
148221
149661
153421
161227
167005
170429
173480
176993
183871
190296
191257
191512
195414
210349
211395
213143
215460
221367
221890
223280
226074
226084
227004
227490
227592
232765
233055
241217
241831
243138
244450
248883
249513
249857
252432
253411
253791
255107
260086
268928
271431
278368
287476
290103
294003
301794
302427
308582
316006
316033
316364
317874
317993
320836
323946
325518
326002
330393
334195
337098
337295
341852
343035
344730
346772
347736
348979
352803
353202
356523
356886
359186
366968
368004
372257
375596
376174
376826
382274
383571
388100
389992
394198
395705
396742
397879
402732
403194
403843
408321
409346
419121
423559
432832
438114
449048
458003
458956
460361
464376
466524
471236
471252
477384
479138
490420
516335
521581
524837
526343
529318
532195
538338
540785
544183
550831
557829
559517
561449
564804
567674
572196
581183
582217
584533
586231
588869
590074
592081
592542
597030
605790
610455
615197
617312
619555
625730
629302
629344
631355
632631
633586
633871
635262
636462
637030
637838
652881
653751
656660
657936
658570
662594
665075
667261
669914
670826
672115
677536
680245
689424
690357
691727
700928
704336
705739
710348
712086
721662
725788
728628
728633
732075
732184
745209
750776
751031
753718
755224
762338
765166
766355
767818
769080
772056
773859
784354
794455
798071
798194
798634
799597
807912
814587
814933
815104
818279
822370
832512
837698
839282
839512
840789
845607
848517
848996
854537
856722
859867
863888
870409
878202
878365
881583
895703
897898
909322
912159
917589
918915
919345
923800
933836
935363
940281
941495
945530
947236
954784
956994
965579
967129
974084
974679
980944
981348
983960
988576
992195
994212
1000510
1003256
1009327
1015931
1016618
1020751
1023178
1029061
1035057
1037681
1039318
1039393
1041142
1048527
1061825
1061964
1065712
1072016
1073511
1073828
1074241
1075378
1076625
1092169
1095786
1099452
1103052
1104699
1108221
1110010
1112445
1114520
1118696
1124410
1128697
1130287
1135580
1138636
1139292
1141045
1146227
1147952
1148356
1150601
1152789
1153411
1156211
1157740
1158566
1161685
1169204
1171851
1173225
1173400
1175807
1182650
1187433
1187517
1189404
1192390
1194832
1203916
1208368
1209065
1209094
1214065
1217899
1218246
1229685
1229742
1232833
1240311
1246454
1247807
1250209
1251140
1258975
1268784
1268811
1270393
1271295
1274160
1277956
1278187
1280066
1284227
1291259
1291452
1297672
1300750
1301447
1318773
1323578
1324375
1327135
1329707
1343931
1348615
1355398
1358114
1368071
1371114
1372390
1374113
1383200
1384595
1391790
1396418
1400461
1402498
1402675
1405894
1411516
1413401
1427228
1427310
1431900
1437333
1437415
1443681
1445821
1453774
1453987
1459152
1463305
1464658
1470020
1477893
1479421
1480485
1480869
1481257
1483110
1493054
1493729
1495516
1500716
1501284
1506295
1507631
1514843
1526185
1528153
1528562
1531422
1531687
1534934
1535462
1536228
1537759
1539285
1544364
1553005
1553557
1554054
1557642
1558610
1562234
1567804
1568208
1575845
1578897
1600291
1600999
1602766
1602925
1610662
1610899
1612653
1614167
1617163
1619634
1626932
1629289
1629718
1634537
1636270
1637122
1641056
1651252
1652161
1663409
1665884
1668358
1674600
1679024
1684617
1688031
1692769
1700103
1701113
1715511
1732350
1737829
1743386
1743581
1743877
1746007
1748399
1751089
1753960
1756716
1761869
1762860
1763495
1763860
1764249
1765904
1766592
1767867
1769829
1775322
1786689
1787893
1790060
1790999
1792382
1795125
1802005
1803907
1805080
1809204
1815794
1816567
1821515
1823412
1824675
1825831
1826781
1832689
1835166
1841112
1841375
1847408
1868320
1868983
1871010
1871305
1871637
1873711
1874994
1877823
1878252
1881210
1883289
1887110
1887885
1889558
1898285
1908911
1910629
1911166
1913174
1917908
1918206
1919881
1920164
1922922
1925734
1935219
1935607
1937758
1943840
1954347
1962374
1970630
1977635
1980399
1984980
1987640
1990858
1992372
1994994
2000144
2007732
2027141
2033170
2042621
2044848
2045727
2047173
2047216
2050547
2051232
2059107
2061050
2063966
2069818
2080139
2085959
2086293
2089677
2089705
2090879
2094602
2101451
2103104
2104446
2110259
2110887
2120390
2121471
2125680
2138993
2143310
2146632
2146837
2150784
2154884
2156465
2162526
2162917
2173024
2182578
2183404
2186272
2191047
2201883
2209912
2210265
2213427
2220949
2224960
2234349
2235977
2235981
2242009
2249680
2251197
2251891
2254524
2255707
2264603
2266404
2269710
2272362
2273684
2274495
2275148
2277737
2278602
2286870
2287217
2294999
2298052
2302684
2311438
2313651
2316648
2318040
2331955
2332064
2333941
2339283
2339756
2340369
2346480
2356757
2357557
2359887
2372223
2376681
2378969
2381772
2383248
2395428
2395611
2396822
2403600
2405709
2412981
2423098
2437050
2440474
2443721
2444379
2447198
2448092
2452282
2453543
2455080
2457896
2458766
2466680
2467999
2485377
2498123
2498541
2499339
2515698
2519618
2520838
2524794
2526483
2527309
2529806
2531739
2537563
2538003
2544308
2545513
2547537
2553144
2553934
2556888
2557429
2559676
2562986
2564007
2564168
2566254
2567781
2574967
2577134
2580281
2581207
2587344
2594986
2595082
2599758
2603759
2611293
2612047
2612554
2621319
2625982
2626456
2635277
2650537
2652573
2654112
2656068
2659495
2660532
2660889
2663554
2669366
2670715
2676376
2683590
2683643
2692611
2694568
2697442
2702486
2704829
2712324
2717220
2722747
2727913
2729324
2731493
2733113
2736214
2737190
2739518
2747048
2748940
2785101
2786150
2788474
2793645
2794405
2794596
2798795
2810689
2813275
2818462
2821936
2822630
2824243
2830282
2842180
2842258
2847361
2848092
2852929
2860380
2863467
2868403
2871728
2876477
2882156
2883826
2891285
2893164
2893492
2897665
2901645
2905853
2906103
2906964
2909676
2914545
2919974
2923885
2937857
2939436
2943675
2947277
2954863
2966780
2968400
2979753
2990059
3000253
3001857
3003999
3006824
3007792
3010777
3013618
3017374
3021117
3025713
3028825
3032106
3032426
3040782
3046856
3051488
3052493
3054272
3059692
3063413
3069930
3070106
3070359
3070761
3072830
3073918
3078712
3085855
3089245
3091307
3094723
3099416
3105958
3107713
3122138
3128167
3128914
3131068
3137043
3140445
3143970
3144011
3146690
3158658
3159885
3160123
3166596
3176403
3177356
3183655
3184729
3189200
3189614
3193284
3195600
3195626
3197577
3198152
3200318
3204217
3208718
3217706
3228920
3230794
3237535
3238152
3238871
3239210
3239211
3240488
3248804
3254401
3255252
3259359
3260521
3262255
3274112
3280183
3282186
3285084
3291799
3293514
3297397
3300372
3303463
3303477
3306379
3316643
3323636
3329523
3344229
3346944
3348663
3353645
3362651
3368940
3372982
3375012
3377724
3384186
3399305
3403047
3404131
3408382
3409539
3415815
3419259
3423586
3426315
3428523
3441424
3444568
3447192
3454543
3455536
3458080
3461091
3462064
3465699
3469563
3471867
3479216
3481412
3485688
3488459
3490782
3494107
3495325
3499721
3504539
3505358
3507370
3509555
3511294
3513024
3514361
3516333
3520269
3524386
3530623
3531426
3533255
3536039
3537821
3539675
3541899
3543252
3549857
3554413
3554524
3557728
3560635
3563760
3567472
3574454
3582988
3586623
3589025
3595115
3597490
3598710
3599979
3600450
3602797
3604097
3605006
3613079
3616106
3623389
3629352
3646771
3653094
3655090
3673276
3679003
3680982
3684407
3691894
3693677
3701056
3702400
3704280
3705202
3706740
3712093
3712679
3715632
3715865
3721122
3723680
3724659
3726811
3745321
3745720
3746240
3749292
3750819
3757918
3758957
3771766
3776607
3783625
3785638
3785690
3785709
3786554
3787258
3791651
3794036
3795767
3801121
3808164
3811600
3813450
3817419
3821550
3821775
3832933
3842367
3854559
3858165
3858294
3859246
3863059
3866279
3872481
3875110
3880891
3881153
3883864
3885711
3887058
3893537
3894091
3894637
3894657
3910402
3924638
3928144
3938106
3938732
3949406
3950357
3950451
3951904
3957652
3958640
3959702
3963947
3976424
3976585
3982198
3991236
3994234
3997968
3998660
3999234
4008718
4012235
4013853
4017867
4020825
4021732
4026336
4026937
4031743
4035311
4036063
4038990
4039242
4040891
4048422
4053176
4062176
4071704
4073604
4080660
4082484
4092340
4098759
4100286
4114127
4116505
4125421
4125755
4130036
4131417
4132958
4133764
4143312
4147787
4155603
4157995
4158683
4162196
4164692
4168677
4175404
4178157
4179332
4179821
4180028
4187551
4198744
4198846
4200334
4202687
4205221
4218763
4224767
4225054
4226331
4227495
4232452
4235300
4235989
4236436
4242714
4247301
4249644
4251150
4254036
4258647
4261491
4265486
4267618
4269510
4272934
4275381
4276400
4279487
4285559
4286905
4290592
4293528
4300016
4300524
4301514
4302813
4305053
4315067
4316234
4319441
4326028
4332642
4334919
4338514
4343053
4343944
4350699
4365051
4367088
4368112
4369159
4383889
4388790
4392678
4397103
4400934
4401379
4405282
4406091
4406959
4408524
4409323
4415049
4422540
4430884
4432212
4436155
4437563
4438362
4441163
4442293
4442654
4442708
4442919
4447061
4450073
4452765
4457263
4460260
4465859
4466885
4466921
4469083
4471634
4480189
4483884
4484012
4487772
4497860
4501596
4502471
4502856
4504106
4513873
4515068
4517795
4524051
4529048
4532395
4538585
4538663
4539462
4541468
4544990
4556312
4556728
4558657
4561864
4562402
4564015
4572116
4577013
4578620
4579210
4580130
4580945
4589534
4591444
4591997
4594329
4597990
4598699
4601873
4605027
4605370
4615711
4619097
4620073
4620411
4631329
4633371
4634400
4635010
4637972
4639649
4641031
4648856
4650369
4651937
4652494
4654052
4654189
4657584
4659080
4667521
4669299
4672991
4674207
4681298
4687799
4689516
4689908
4695765
4697693
4698543
4705501
4705763
4717232
4722408
4728189
4729292
4733336
4741083
4741873
4742940
4748577
4752665
4754761
4760197
4765016
4765553
4767173
4774721
4775264
4778334
4780406
4781857
4784501
4785379
4788817
4791019
4803569
4806559
4807139
4811210
4813878
4819697
4822109
4823737
4825533
4829012
4829899
4834196
4834706
4838397
4838950
4843079
4843588
4844208
4846568
4853515
4856571
4856901
4859127
4859728
4860260
4862268
4863552
4865867
4879399
4880483
4887042
4894479
4904803
4914247
4919758
4927925
4931397
4931987
4932293
4935307
4935846
4939160
4943667
4945654
4947537
4948646
4951719
4955425
4960297
4961166
4962156
4967417
4968716
4972239
4974628
4976548
4977526
4977530
4978678
4978700
4980198
4982584
4985670
4992558
5001916
5002651
5004391
5008045
5012821
5033133
5035745
5038663
5039564
5044331
5044662
5047711
5048165
5051651
5053607
5053728
5062224
5069614
5071650
5079994
5083819
5085615
5089504
5091105
5094195
5095556
5100793
5102668
5115237
5121930
5125925
5126006
5126494
5127354
5127438
5136368
5140065
5140614
5144134
5144887
5149189
5151462
5154692
5162081
5174636
5175348
5183442
5193091
5197945
5200603
5201961
5208891
5215934
5222856
5233341
5233419
5234494
5244808
5246441
5254794
5256856
5266433
5267760
5276502
5276519
5280184
5287284
5311799
5317934
5318906
5325346
5329965
5337047
5341539
5343787
5347985
5353238
5357359
5362437
5366798
5371609
5374673
5375868
5379977
5380079
5381587
5386275
5387347
5389923
5392239
5395575
5395652
5399217
5401724
5402710
5410565
5420730
5421299
5422101
5430450
5436290
5441544
5455179
5458028
5458475
5465533
5467793
5469409
5470939
5476681
5490412
5490693
5494892
5501305
5505707
5507559
5509635
5509894
5509925
5510203
5510695
5514876
5518055
5521574
5524288
5526629
5531810
5535709
5547149
5549294
5554188
5557314
5557779
5560193
5563470
5564423
5566524
5569013
5575242
5578965
5580016
5594910
5598688
5603662
5604418
5606986
5612937
5613457
5613813
5617729
5619156
5619872
5621393
5621748
5622141
5623070
5623442
5626037
5636237
5650288
5651265
5654046
5657485
5658035
5663714
5663901
5666087
5668158
5669992
5675455
5689770
5695423
5703785
5713763
5713906
5718377
5725775
5730988
5735271
5738572
5742463
5743315
5743802
5750133
5753695
5754968
5758890
5767276
5768214
5770360
5772037
5774063
5778484
5780337
5780921
5783554
5788622
5793417
5796319
5799371
5801807
5807776
5814565
5822686
5826731
5832043
5839266
5844560
5846334
5846535
5857629
5871658
5877022
5877406
5878649
5886042
5887515
5889640
5891422
5897558
5900462
5902510
5903228
5909546
5911792
5912248
5925606
5927290
5933231
5934599
5935049
5940167
5941145
5941492
5941498
5946722
5948889
5949274
5950886
5951923
5962300
5962917
5965657
5972988
5973148
5976632
5977439
5979063
5981679
5988222
5990416
5999604
6010304
6010384
6012441
6015365
6016370
6026586
6026752
6035108
6036580
6039237
6053772
6061054
6067208
6069142
6073639
6077568
6094204
6094688
6106552
6131547
6139191
6144887
6147132
6148599
6157134
6158992
6161202
6166735
6168696
6171743
6179779
6186545
6192674
6192770
6204692
6209092
6212867
6218931
6219438
6221883
6224076
6232318
6232427
6232837
6239026
6242384
6242411
6243505
6243827
6247385
6249132
6249163
6249273
6250140
6250849
6254727
6255410
6255967
6258241
6261843
6268217
6275416
6276958
6279704
6279837
6284428
6284913
6285859
6290474
6291018
6295282
6295334
6300711
6305950
6314489
6319121
6320247
6321527
6321884
6327808
6332383
6345563
6355679
6362445
6363231
6377274
6378850
6378890
6379029
6379711
6389349
6389983
6396266
6396860
6400854
6401143
6409553
6411471
6413825
6427155
6427471
6427852
6429452
6430014
6431783
6433039
6440842
6457126
6463623
6464815
6479967
6494196
6494804
6499354
6504177
6508051
6516061
6518017
6518532
6522132
6523195
6529455
6538647
6542371
6550699
6556387
6557184
6558753
6559963
6572013
6578078
6581730
6584431
6585187
6586808
6597080
6598788
6603624
6605960
6607537
6615008
6616573
6616779
6617659
6618307
6623648
6625461
6625591
6625724
6631117
6632687
6636153
6637926
6639630
6641098
6653182
6656882
6661129
6666384
6674279
6674809
6678821
6693500
6694657
6696806
6707306
6711878
6722923
6726898
6727774
6737889
6740017
6743513
6746676
6751051
6755932
6756378
6760416
6768884
6769130
6769918
6770070
6780560
6780989
6783397
6787552
6797332
6799675
6806885
6809347
6810112
6812430
6812645
6820659
6825262
6831284
6842190
6845770
6858827
6863876
6865504
6867353
6870989
6872812
6884896
6890759
6894848
6897066
6898080
6900983
6901158
6912255
6936518
6937831
6945063
6945285
6956717
6957965
6962069
6964103
6967915
6967961
6969889
6972310
6974840
6981883
6989887
6994117
6994660
6998738
7009550
7013648
7013881
7015268
7028272
7028278
7028842
7030840
7039877
7040013
7042285
7042689
7043848
7047295
7048836
7052737
7071729
7071936
7077880
7099182
7109654
7111188
7121034
7137109
7138238
7144017
7149829
7153024
7156450
7161668
7175327
7194307
7198875
7204262
7206303
7224151
7231911
7238838
7245037
7246323
7252271
7255648
7255771
7257294
7261202
7265235
7269214
7280750
7282271
7283701
7286749
7286971
7296288
7298544
7300045
7301247
7304151
7308491
7309475
7311706
7312359
7314875
7315337
7320687
7324562
7327810
7329517
7330786
7331648
7336769
7338383
7352853
7363991
7365118
7365303
7371186
7372487
7372809
7374028
7386521
7387638
7389406
7402891
7403328
7403466
7403621
7403745
7412100
7413488
7419354
7429889
7432138
7432552
7432951
7433751
7437883
7440433
7442937
7452268
7453423
7453473
7463390
7464369
7472675
7488321
7489563
7492624
7493465
7496659
7498974
7511464
7514897
7520500
7522579
7533084
7546429
7549286
7550631
7551023
7552141
7563478
7569085
7571023
7571923
7582535
7586563
7591228
7596183
7600821
7602181
7604188
7604306
7605936
7607203
7607530
7623698
7626087
7627495
7629887
7634835
7635309
7639360
7639948
7642388
7657919
7671716
7676271
7678492
7681419
7684844
7688489
7697809
7699586
7701636
7709605
7718401
7719803
7724041
7728829
7728964
7729702
7733958
7737768
7747330
7756535
7758192
7763816
7767735
7769807
7775140
7781207
7782554
7785905
7794276
7801858
7806288
7808412
7810700
7816950
7817967
7818640
7823590
7828320
7829521
7829819
7833256
7833886
7836023
7837009
7838001
7845803
7848657
7849475
7851439
7856086
7860173
7860797
7868213
7873793
7877296
7881689
7883531
7890104
7891482
7892055
7895213
7896156
7896364
7901481
7903304
7906595
7906726
7906901
7914114
7915380
7917255
7919850
7920745
7921058
7921105
7921182
7926021
7933013
7933165
7935722
7953735
7954091
7963749
7964431
7986449
7990001
7996288
7999091
8002567
8007560
8010430
8011868
8015054
8015986
8016403
8016665
8017313
8021382
8024007
8032715
8034466
8035133
8036447
8037449
8041030
8044297
8048320
8056016
8057215
8064781
8064814
8069953
8071079
8074370
8075726
8077432
8077784
8082562
8089648
8091115
8102301
8109030
8109814
8118120
8119353
8126089
8126654
8134241
8142209
8143332
8144195
8146539
8152293
8155986
8158635
8161862
8165239
8168446
8172459
8191286
8195120
8206252
8206500
8207869
8209141
8212290
8219807
8220141
8221273
8232305
8236348
8250672
8258837
8259644
8262858
8267859
8270482
8276353
8276628
8280588
8281250
8281299
8291498
8297412
8298071
8305016
8305266
8306664
8307159
8308007
8312893
8319285
8325395
8325741
8337330
8340987
8341621
8344884
8345624
8346654
8351776
8366514
8370233
8387931
8397373
8400702
8401889
8401926
8402643
8403926
8405967
8407276
8407957
8410034
8412514
8413242
8421216
8421532
8451492
8457660
8457748
8458819
8461335
8462928
8463604
8463667
8468227
8468439
8473001
8473648
8474094
8475627
8475977
8484501
8488469
8489679
8496324
8500100
8500390
8502355
8503575
8518601
8523225
8525248
8529445
8529475
8533522
8538051
8538702
8541674
8543444
8543630
8551209
8552364
8553182
8556816
8564141
8566916
8569893
8570048
8570060
8575286
8586128
8586369
8586995
8594848
8598366
8604379
8604677
8608018
8615067
8616428
8616487
8617144
8619082
8629681
8637102
8637423
8638523
8641477
8643008
8643075
8644077
8651753
8656963
8658959
8660621
8662805
8666118
8675270
8676957
8677878
8679985
8693699
8694540
8694808
8695864
8698841
8699951
8704924
8707074
8710001
8714673
8715535
8719074
8720895
8721850
8724416
8727286
8727423
8728848
8738226
8739319
8749743
8750876
8752460
8753437
8754152
8759421
8760667
8765336
8778289
8779926
8784018
8785145
8788055
8789264
8794950
8798102
8814745
8815827
8815962
8818500
8824336
8827187
8831367
8833316
8847884
8849117
8850595
8852574
8853453
8856488
8860000
8860770
8864503
8876069
8876513
8876998
8881746
8884671
8886197
8887469
8887481
8896087
8903987
8905336
8910374
8911658
8911762
8915146
8922560
8926224
8930009
8930326
8932738
8959573
8967794
8972461
8978805
8979619
8983479
8983508
8986917
9002154
9028828
9029982
9033688
9044114
9047940
9056687
9061343
9065060
9072751
9075034
9077826
9079376
9080178
9082167
9084176
9087070
9088807
9088913
9090820
9091088
9093528
9095855
9107073
9107999
9108363
9108571
9114745
9121650
9130714
9131395
9138133
9142896
9146327
9148560
9148920
9159410
9161286
9163179
9166796
9169930
9178328
9180818
9185740
9190281
9193295
9194267
9198827
9208241
9211985
9222137
9225601
9230557
9231846
9240726
9240815
9243842
9244606
9246749
9270788
9276240
9278485
9279505
9282408
9283405
9293569
9297715
9297953
9306967
9313059
9319369
9319647
9324249
9324781
9330753
9333759
9335817
9335865
9346191
9346672
9346781
9348069
9349580
9372586
9378455
9382889
9388101
9389296
9391016
9392389
9392461
9395727
9396852
9399270
9400297
9405513
9406546
9407217
9420008
9420763
9421929
9430155
9432346
9432900
9435052
9441150
9445835
9453497
9460128
9465026
9482557
9484771
9487851
9487967
9491013
9494905
9495681
9496243
9496743
9516404
9520481
9520728
9522009
9522680
9528600
9532457
9537050
9561767
9563598
9570023
9570778
9573592
9574184
9576941
9578914
9579728
9587467
9592967
9598678
9598915
9608201
9609436
9614870
9618052
9621237
9629681
9648565
9651578
9658224
9659592
9661708
9666981
9673358
9676086
9680419
9684167
9690193
9702828
9706844
9713512
9717395
9720499
9720536
9723486
9728504
9733063
9736316
9737858
9738682
9743338
9747020
9750064
9753597
9765545
9766201
9766695
9768869
9772199
9773722
9778824
9779192
9787117
9788460
9792737
9798561
9800453
9800580
9811732
9815012
9815172
9822668
9822949
9831550
9838265
9839496
9839734
9841425
9850355
9851612
9858205
9862650
9869500
9872282
9876504
9880487
9880986
9884786
9891713
9895463
9896728
9898205
9898701
9905634
9910855
9932802
9933641
9934640
9935000
9937362
9940431
9943044
9947497
9947926
9948605
9948739
9949211
9949567
9949988
9956642
9967272
9970665
9971510
9972027
9973729
