798194
1626932
1753960
1805080
2340369
4365051
4442708
4501596
4556728
7365303
8405967
9496743
10148866
14091090
14210098
14615914
14771357
15107753
16616467
18757000
18900233
21430019
23365843
27943594
28153017
28479547
30464701
32047026
32952865
33413175
34588885
36630613
37023607
37388952
39367912
39738280
40118423
40941808
41119507
41157456
42265346
42638574
42974489
43634567
43730354
44000046
47218427
47289167
47605564
47640486
48321648
48428134
48997448
49573772
52074303
53769106
54253775
54403551
55302229
55870910
56442622
57314901
58739256
61169770
61667521
62445014
65424973
66572422
67458892
67733335
69048928
69980506
70757065
70900253
71169512
71209774
71639044
71983689
72239903
75897251
76358337
78043651
80120359
81392832
81606681
81780208
84913432
86777781
87435199
87703864
88085558
89143471
90374000
91794241
91934223
92107077
92317237
92377816
96420154
96581017
97469555
97595203
97998098
98148932
