10006442 IMP  1310363 7
10010833 IMP  1272677 11
10041811 IMP   403786 1
10053157 IMP  1411261 10
10065864 IMP    43509 0
10100358 IMP   798559 3
10111231 IMP   158292 0
10133984 IMP   493140 1
10148866 IMP  1412647 8
10202881 IMP   328466 1
10225876 Win    13253 0
10227343 IMP   631350 3
10279614 IMP   538725 1
10321088 IMP   667229 2
10331671 IMP  1313768 7
10358151 IMP  1507806 22
10382651 IMP   694581 4
10385897 Win   790364 2
10423686 IMP   977853 4
10442046 IMP   576019 1
10467829 IMP   131204 0
10489074 IMP   345398 1
10508482 IMP  1844054 20
10529099 IMP   831134 9
10533223 IMP   471541 2
10533356 IMP   171151 0
10545290 IMP   382920 1
10552036 IMP   786728 2
10616557 IMP   264905 1
10631001 IMP   555000 2
10644465 IMP   398115 1
10652180 IMP  1711808 8
10656129 IMP  1489395 7
10658350 IMP   644722 3
10677611 IMP  1126526 3
10678403 IMP   754591 2
10682013 IMP   165873 0
10694503 IMP   756598 3
10697797 IMP  2697370 23
10716210 IMP   168099 0
10744090 IMP   775225 3
10754192 IMP     6317 0
10762032 IMP  1574569 9
10778260 IMP   563101 2
10795970 IMP   188196 0
10797415 IMP   192872 1
10820294 IMP  2539148 16
10822498 IMP  2257260 73
10829404 IMP  2294621 15
10868781 IMP  2405332 32
10880770 IMP   528152 2
10906700 IMP   175271 1
10931464 IMP  9663026 253
10936255 IMP   171955 1
10954652 IMP   296563 0
10958430 IMP  3253757 89
10960935 IMP  2532103 24
10963044 IMP   393931 1
10987963 IMP   711711 4
10989901 IMP   374999 1
11016384 Win     3385 0
11018826 IMP    25165 0
11038160 IMP   389899 2
11062840 IMP   793782 5
11066285 IMP   510217 2
11109696 IMP  5909238 112
11118104 IMP  1083334 7
11119417 IMP   472118 2
11150377 Intractable. 11313537 1103
11164357 IMP   479418 2
11168302 IMP  2135228 17
11184645 IMP   957910 3
11185788 IMP  4303328 124
11204189 IMP   312058 1
11271191 IMP  1025306 7
11283055 IMP   797914 1
11300866 IMP  2120667 9
11311373 IMP  1988114 15
11338803 IMP   212335 2
11342196 IMP   279555 0
11342889 IMP   333803 1
11369209 IMP   154583 0
11378555 IMP   741051 2
11385614 IMP  1838316 9
11388445 IMP   423687 2
11392730 IMP   184681 0
11403310 IMP  3707553 62
11412812 IMP  6595199 131
11431587 IMP   189797 0
11433257 Win   491227 2
11455543 IMP  1232989 9
11467988 IMP   216715 0
11477718 IMP   501792 2
11553823 IMP    34044 0
11572719 IMP  1069141 5
11581057 IMP   201333 1
11591496 IMP   506764 1
11642546 IMP   656432 3
11677051 IMP   228498 1
11680704 IMP  1622344 6
11683058 IMP  2873810 51
11695853 Win     3039 0
11703509 IMP  1047609 5
11722241 Win  7166526 120
11730377 IMP   306248 0
11744224 IMP   802525 4
11746882 IMP    53746 0
11746893 IMP     2021 0
11773525 IMP  1035523 4
11778170 IMP   454402 2
11801294 IMP   501692 2
11836816 IMP  1974481 48
11839757 IMP   803250 3
11840763 IMP  1111856 13
11842785 IMP   623564 2
11846113 IMP   137420 0
11860554 IMP   607238 3
11906000 IMP   427419 2
11918105 Win  2231295 30
11921221 IMP   418700 1
11931718 IMP   382791 0
11954347 IMP   957141 5
11964169 IMP   298947 1
12020911 IMP   560585 3
12034620 IMP   225230 0
12037492 IMP   210462 1
12040038 IMP   156422 0
12045597 IMP  1340915 7
12076644 IMP  1766018 9
12077961 IMP   932896 7
12083270 IMP   653369 2
12091310 IMP   175849 1
12116707 Intractable. 13374432 654
12117451 IMP  1890349 18
12122103 IMP   971594 10
12122220 IMP   375594 1
12147064 IMP   160406 0
12171260 IMP   332311 1
12180669 IMP   175762 0
12200698 IMP   138063 0
12221573 IMP  1140681 5
12251997 IMP  1035727 3
12263569 IMP  2876462 61
12298209 IMP   632320 2
12300962 IMP   307072 1
12316102 Win   594489 1
12323972 IMP   719598 3
12353143 IMP  1082387 7
12357381 IMP  3041063 39
12390248 IMP   405847 1
12391763 IMP   484894 1
12399039 IMP  3010093 48
12400234 IMP  2449027 46
12407258 IMP   362010 1
12411754 IMP  4052782 45
12425779 IMP   140247 0
12433499 IMP   171276 0
12456561 IMP    82260 1
12462282 IMP   357825 0
12462342 IMP   593777 4
12477067 IMP   368989 0
12485927 IMP  1199672 12
12533095 IMP 12723378 333
12540075 Win   323608 1
12540898 IMP  1255601 6
12544434 IMP   273808 1
12554542 IMP   159214 0
12581445 IMP   988356 5
12598296 IMP   583996 2
12604020 IMP   778159 3
12613641 IMP  1564396 9
12637430 IMP  4795814 51
12641387 IMP   138362 0
12645787 IMP  2278197 14
12658850 IMP   461770 4
12659324 IMP   192778 0
12668474 IMP  3201341 22
12696556 IMP   557715 4
12708746 IMP   760097 3
12710614 IMP  1743160 12
12724043 IMP   184966 0
12734351 IMP   448563 1
12742353 IMP  1091153 9
12771426 Intractable. 11146904 316
12790892 IMP    33148 0
12830053 IMP  1372291 11
12842983 IMP  2482489 18
12869022 IMP  4098280 42
12896098 IMP   530319 8
12908848 IMP   205044 1
12924532 IMP 11591643 496
12960754 IMP   699562 2
12994115 IMP   465772 1
13011045 IMP   385019 2
13016571 IMP   889720 6
13037833 IMP   903644 3
13043069 Win   680765 1
13065377 IMP   843694 4
13082718 IMP   125999 0
13094227 IMP   463682 1
13095983 IMP   126519 0
13105147 IMP  3486760 28
13113261 IMP  2685016 20
13123469 IMP  3650121 37
13132960 IMP   781826 7
13162540 IMP  1212442 6
13169817 IMP   723269 2
13171744 IMP   367671 0
13189484 IMP 12501587 452
13209249 IMP   120162 0
13223253 IMP   447175 1
13279562 IMP  3916178 235
13282178 IMP  1155795 2
13285691 IMP  1376740 11
13314787 IMP   300639 2
13318001 IMP   504324 1
13321785 IMP  1349309 7
13343611 IMP   972312 20
13343792 IMP   582755 2
13347548 IMP   468395 3
13363952 IMP  1289014 6
13392976 IMP  3720523 79
13468504 IMP   178532 0
13472222 IMP   392306 1
13474980 IMP    71412 0
13496606 IMP   231572 1
13528985 IMP   146490 0
13560353 IMP  1000900 5
13566940 IMP  2198113 9
13583709 IMP   914480 10
13605978 IMP  8891765 402
13638179 IMP  2268844 17
13657263 Win   881262 5
13677190 IMP   390770 1
13680407 IMP   730656 4
13733642 IMP  4590788 102
13758230 IMP    76542 0
13760349 IMP  3924092 121
13773672 IMP  1561274 6
13796124 IMP   720602 4
13806129 IMP   684687 5
13809704 IMP   427209 2
13856355 IMP     1187 0
13865388 IMP    65574 0
13871023 Win  1406059 4
13875817 IMP   749279 5
13896861 Win  6382436 57
13910886 IMP   410645 0
13916756 Win   316739 1
13941208 IMP   545800 2
13952827 IMP   316194 1
13956826 IMP  2459821 31
13962618 IMP  4691006 114
13967701 IMP   853436 5
13983886 IMP  1227426 12
13996755 IMP   122918 1
14042121 IMP   208691 0
14045698 IMP   428285 3
14045916 IMP  1313886 6
14053541 Intractable. 11261379 461
14061215 IMP  1561539 23
14088750 IMP   249895 0
14091090 IMP  1491245 9
14100713 IMP  4332348 45
14116965 IMP  1992088 24
14183189 IMP   650116 3
14210098 IMP  6982584 125
14248523 IMP   169468 1
14264779 IMP   740227 6
14281147 IMP   404941 2
14285071 IMP  1499442 19
14312686 IMP  1606270 15
14317548 IMP  2058386 35
14317928 IMP   161237 1
14344748 IMP   990393 7
14351989 IMP   389428 0
14352511 IMP   318247 1
14358392 IMP   334290 3
14361163 IMP   310857 1
14364186 IMP   252341 0
14400297 IMP   613695 2
14406504 IMP   724617 7
14409943 Win  3472567 31
14429566 IMP   732849 2
14435443 IMP   817746 4
14477962 IMP  2302611 29
14491328 IMP   820272 3
14497486 IMP  1190561 4
14503161 IMP   711886 3
14514252 IMP   297778 1
14529231 IMP  3642497 39
14532501 IMP   781991 2
14554959 IMP   212241 0
14576731 IMP   570513 2
14608406 IMP  5547697 241
14611099 IMP  1550124 18
14615914 Intractable. 12458485 309
14633724 IMP    87758 0
14634044 IMP   818923 7
14650970 Win   462826 1
14654727 IMP  1408135 21
14663376 Intractable. 10214342 246
14679209 IMP  2771623 29
14684243 IMP   681652 4
14689591 IMP  1364919 13
14703622 IMP  4201548 127
14716126 IMP  2288740 15
14740848 IMP   158443 1
14740920 IMP   655741 2
14747568 IMP   690352 2
14771357 IMP     3536 0
14788042 IMP   955036 5
14788228 IMP  1814620 19
14788349 IMP  1219335 4
14790806 IMP  2176332 37
14823874 IMP  1741534 20
14825494 IMP   823910 2
14832863 IMP   305465 1
14841008 IMP  1191145 7
14841446 IMP   537007 2
14862123 IMP   499338 2
14902709 IMP  4314348 41
14904005 IMP   252815 1
14925302 IMP  2611295 76
14975339 IMP   890142 6
14975454 IMP   670015 4
14994542 IMP    16558 0
14999651 IMP   328592 1
15001944 IMP   595004 2
15002468 IMP   228765 0
15013460 IMP   891516 5
15020744 IMP   289926 0
15022020 IMP   321304 1
15027998 IMP   280346 1
15064676 IMP   169206 0
15068795 IMP     4365 0
15107753 IMP  3414175 56
15108715 IMP     4812 0
15110593 IMP  1093467 3
15115877 IMP   888719 2
15153949 IMP   155372 0
15164757 IMP   318907 1
15188429 IMP    75046 0
15191389 IMP   600474 1
15201894 IMP   986916 3
15205147 IMP   276674 1
15215233 IMP  3615571 72
15221971 IMP   514699 5
15223130 IMP   290330 0
15231230 IMP    52769 0
15238223 Win   316353 1
15250911 IMP   392542 1
15281280 Win  2163505 12
15311001 IMP   587893 4
15315462 Win  5238897 57
15317832 IMP   749539 2
15326376 IMP   138737 0
15330406 IMP   733708 3
15476863 IMP      662 0
15481995 Intractable. 12507145 350
15522812 Intractable. 10422464 471
15588007 Win   265363 0
15618259 Win   366336 1
15658652 IMP   755938 3
15669175 IMP  3532122 33
15786567 IMP  4284105 53
15886157 Win  2837730 16
15924837 IMP  2508305 48
15934473 IMP   767228 3
15954962 Win  2436289 15
15990450 IMP   918091 4
16029306 IMP  2207781 12
16082575 IMP 11728406 397
16260756 Win    46727 0
16287509 IMP  1151314 4
16397956 IMP   316733 1
16476770 IMP  3736495 42
16616467 IMP  1835831 8
17165117 IMP  3932622 47
17535270 IMP   392035 2
17541348 Win   544766 1
17686816 IMP   839956 3
17836521 IMP  3585035 32
17864634 Win    29477 0
18152130 IMP  1520626 10
18342482 Win   721822 2
18348916 IMP   555990 1
18438557 IMP  8612650 179
18513952 Intractable. 13283277 357
18530263 IMP   260204 1
18531753 IMP  8488462 208
18730636 Win  6280627 68
18757000 IMP  2119005 15
18779528 IMP  4080485 36
18797699 IMP   783870 2
18847129 IMP  2582004 19
18900233 IMP  1583259 9
18939910 IMP  6408095 183
18976274 IMP   202924 1
18978706 Win  1335857 8
18991500 Intractable. 13302596 293
19100852 Intractable. 12754639 225
19142496 IMP  1051965 2
19200236 Win   607067 2
19566084 Win     1287 0
19593244 IMP  7944193 535
19710009 Win   163616 1
19855066 IMP   357236 0
19881497 IMP  1842346 11
19931227 IMP  1675041 8
19971160 IMP  6375251 116
20062459 Win  1160961 6
20259121 Win  1940425 7
20292077 IMP   498740 2
20356595 IMP  1581208 8
20409377 IMP  2059891 12
20603058 IMP   840503 2
20690464 Win  3989950 31
20741861 Win   282884 0
20755068 IMP  1160444 4
20801102 Win   264790 0
20968304 IMP   526475 3
21111080 Win   913060 4
21212779 IMP   381179 3
21413589 IMP  7308936 421
21430019 IMP   127913 0
21465238 Win  3440527 31
21491184 IMP     3405 0
21630643 IMP   832147 3
21790791 IMP   253267 0
21794816 Win   343950 1
21894205 Win  1213144 3
21907424 Win  2595998 19
21937499 IMP   673746 4
21973063 IMP  5124888 110
22278838 IMP  8673637 347
22307008 IMP  1958732 21
22449765 Win  6058928 64
22551937 IMP  2850322 53
22702521 Win  5820396 61
22763317 IMP  2099596 16
23128403 IMP  1385045 4
23300681 Win   755557 2
23326954 IMP  1352113 4
23356667 IMP  7015522 223
23361627 IMP  3618359 38
23365843 IMP  7680448 149
23583369 IMP   265026 1
23795821 IMP  1254378 5
23849392 IMP  1579401 11
23930499 IMP   633433 2
23968589 Win  1314168 6
24094033 IMP  4019477 64
24120855 IMP  3116314 30
24135604 IMP  4451657 41
24369805 IMP  6811590 207
24434948 IMP  6785037 407
24605342 IMP   773453 2
24673751 Win    11181 0
24769546 IMP  5437887 81
24835356 IMP  1430455 7
24908078 IMP  1083304 4
24932384 IMP  6305490 97
24988448 IMP    18236 0
25188426 IMP  2277652 27
25243490 IMP 11643203 278
25396264 IMP  1706827 8
25418573 IMP   599832 1
25501935 IMP   831817 5
25625751 IMP  1703053 8
25791456 Win  8858297 164
25963024 IMP   139147 0
25964781 IMP   283577 1
25969836 IMP   175450 0
26019247 IMP  6152044 86
26235933 IMP   369375 0
26258501 IMP     5728 0
26313748 IMP  1918053 15
26543151 Win  6994804 125
26557402 Win    26220 0
26562638 IMP   414771 1
26688280 Win   276159 0
26740656 Win   916191 3
26813388 IMP 12587248 260
26836584 IMP  8209528 483
26855506 Win   902727 5
26898845 Win  1046651 4
26908600 IMP  1206284 4
26921775 IMP   954908 4
27194597 IMP  9450235 165
27241173 IMP  1364299 7
27244612 IMP  8902687 183
27380712 Win  5730067 98
27518959 IMP  3432329 30
27689465 Win   862291 5
27725220 IMP  3826678 44
27773510 IMP     9342 0
27791311 Win  5949138 57
27843106 IMP   502542 1
27857846 IMP  3038252 21
27858284 IMP   174571 0
27870906 IMP  9625121 230
27885093 IMP  4771290 207
27943594 IMP   688175 2
27953530 IMP  6168779 146
27966718 IMP  4203257 44
27986835 IMP   992117 5
28026576 IMP  5149122 48
28040880 IMP  4587864 59
28092000 IMP  2651906 105
28153017 IMP  4501346 62
28330003 Win  1471294 6
28337079 IMP   789917 3
28350259 Win   232685 0
28379865 Win   732935 2
28407389 IMP  5520190 140
28409331 Intractable. 10503345 368
28479547 IMP  3347260 49
28540652 IMP  2716222 24
28667719 IMP    42403 0
28668359 IMP   217702 0
28852283 IMP  1055104 7
28960547 IMP   611080 2
28977724 IMP  1211776 3
29016285 IMP  1478501 6
29303142 IMP  2046675 10
29397824 IMP  1119107 5
29441478 IMP  3642976 54
29589414 Win    99536 0
29594794 IMP  4404566 65
29636746 Intractable. 10210041 651
29821444 IMP  2350536 16
30189451 IMP   475550 1
30207650 IMP  2898135 53
30220508 IMP  1449428 10
30259208 IMP   820672 3
30416030 IMP  4288191 324
30445629 Intractable. 10613162 284
30464701 IMP   163295 1
30488333 IMP  2364908 12
30768759 IMP   309675 1
30901737 IMP  2784093 27
31049246 IMP  2121404 16
31065704 IMP  1972267 9
31141079 IMP   117668 0
31298470 IMP  3044970 35
31391334 Win  1900949 11
31456407 IMP  1796470 26
31734453 Win    29862 0
31871600 IMP  4370955 43
32047026 IMP 13121714 430
32061774 Win   288786 1
32147761 IMP  1515216 5
32179008 Win  5632422 61
32278108 IMP   498151 2
32279587 IMP  1335764 5
32374454 IMP  1572240 5
32427582 Win  3126551 37
32432723 IMP   638881 1
32523148 IMP  2177519 15
32557810 IMP   544117 1
32563263 IMP   422096 1
32622757 IMP  1537281 6
32640156 IMP   668149 2
32647096 IMP  1761362 10
32793754 IMP  9649025 164
32807352 IMP  3497089 38
32821576 Win  3498638 30
32878182 Intractable. 13175718 753
32935593 Win    10478 0
32952865 IMP  4002763 48
33044241 Intractable. 13337449 515
33413175 IMP  1600843 14
33505904 IMP   745509 3
33517727 IMP  7913405 226
33537600 IMP  2754749 23
33860811 Intractable. 11797650 392
33942320 IMP  1563170 6
33978594 Win   411950 1
34006138 Win   756926 4
34061062 Win   718356 2
34072024 IMP   998449 2
34082310 IMP   578372 1
34084366 IMP  5184999 80
34181224 Win  2453363 12
34193760 IMP   507353 2
34381513 IMP   994845 5
34407941 IMP  1427436 4
34492446 Win   148030 1
34524580 IMP  1639679 6
34563184 Win   345123 1
34569998 Win   858260 3
34588885 IMP  1803329 24
34644228 IMP  2650409 13
34685230 IMP  3717667 54
34732535 IMP  1223633 5
34814413 IMP  9572417 210
34838463 IMP   346693 0
35163804 Win    50994 0
35327903 Win   825847 3
35346922 IMP  1407370 4
35537716 Intractable. 13124771 538
35562493 IMP   701234 5
35745544 IMP  3020885 22
35767361 Win  1549209 7
35800414 IMP  2114747 7
35903607 Win  6833556 431
36028734 Win  1576008 4
36143669 IMP   415834 1
36180300 IMP   527750 2
36325710 IMP  4622635 75
36439831 IMP  3757124 65
36481070 IMP  3523158 35
36568429 IMP   254357 1
36630613 IMP  7316607 91
36645515 IMP  2833828 19
36768573 IMP  1593408 10
36888161 IMP   340348 1
36888999 IMP  1223273 7
36937869 Win  2175612 10
36971131 IMP  2428033 10
37002887 IMP     1864 0
37023607 Intractable. 11824496 381
37388952 Intractable. 11666312 325
37413151 IMP  2585210 30
37641051 IMP   909605 3
37722947 Win  1670921 9
37758183 IMP  1343763 3
37824721 Win    71976 0
37907697 IMP  1549181 21
37933995 IMP  2763033 21
38057276 IMP  1112789 6
38070862 IMP  1514977 15
38251977 IMP   589053 2
38264195 IMP     3214 0
38588065 IMP  3183942 42
38598955 Win   301156 1
38754960 IMP    83478 0
38911754 IMP  1876312 9
39052201 IMP 10637201 227
39358891 IMP  3003202 36
39367912 IMP  4870107 50
39415492 IMP  1511049 8
39507565 IMP  4738855 36
39534527 Win  3425959 119
39568211 IMP   439230 2
39657239 IMP   389563 0
39667778 Win   221464 2
39714677 IMP  1973213 36
39728315 Win  2981473 47
39738280 IMP  2496325 38
39739995 IMP   264238 1
39741865 IMP  5120290 59
39762223 IMP   674937 3
39812332 IMP  1003412 2
39852998 Win   465479 2
40118423 IMP  8410863 165
40256355 IMP   472597 2
40258857 IMP  1559164 7
40521220 IMP   755079 3
40563355 IMP   141942 0
40815269 Win  2097177 14
40846760 IMP   229232 1
40941808 IMP  6811217 122
41039756 IMP   457743 1
41058856 IMP   666477 3
41118916 Win  1913848 10
41119507 IMP  8602885 177
41157456 Intractable.  9606476 408
41169976 IMP  9644357 305
41317996 Win     3474 0
41401973 Win   482964 1
41403226 IMP   963926 2
41527730 IMP  1066638 4
41539436 Intractable. 12086510 307
41675304 IMP   777603 7
41712364 IMP   456305 1
41831472 Win    54200 0
41847808 Win  1719705 14
41859408 IMP  4270887 80
42068900 IMP   994258 2
42079518 Win  2703338 34
42096537 IMP  5107993 123
42190340 IMP  7230579 224
42263396 Win  1411547 9
42265346 Intractable. 11404440 432
42512769 IMP 11389651 337
42535699 IMP   634294 3
42599125 IMP  2829835 22
42617109 IMP  6085502 56
42638574 IMP  9657369 265
42669204 IMP  1467874 10
42836693 IMP  4511991 54
42874956 Win  5108185 49
42935599 IMP  2145029 33
42974489 IMP  4760560 41
42983349 IMP  1203867 9
43015650 Win  3038018 19
43062930 IMP  2097785 12
43070581 IMP   367240 0
43118076 Win    17410 0
43251272 IMP  1566158 16
43471524 IMP  1701110 7
43591733 Win    11678 0
43631989 IMP   987204 8
43634567 IMP  2891042 16
43730354 Intractable. 10933091 435
43900134 Win  1170981 6
43985517 Win   509452 1
44000046 IMP  1481537 7
44259165 IMP  4073762 60
44259178 IMP  1630397 12
44272992 IMP  3634360 115
44437194 IMP  3433117 36
44450674 Win   151650 0
44659851 IMP  3039858 39
44831236 IMP  1055653 5
44889999 IMP   538465 1
45022004 IMP   343358 1
45127284 IMP  1378539 4
45225247 Win  7457647 113
45255997 IMP  6512469 96
45310247 IMP  1380479 6
45534829 Win   922566 3
45537668 Win  1903126 9
45577449 IMP   813159 2
45808122 Win  1930993 10
45815106 Win    25879 0
45936874 IMP     1770 0
46006000 IMP  2718366 76
46429048 IMP   632278 2
46462851 Win   425723 1
46544714 IMP     8494 0
46550142 IMP   422044 1
46571834 Intractable. 12290897 331
46583114 IMP  3993212 48
46835099 IMP  4431009 63
46856206 IMP   725907 2
46969428 IMP  1480916 8
47010401 Win  8252677 131
47045547 IMP  8042833 171
47129567 IMP  4747422 84
47218427 Intractable. 12939681 418
47228732 Win    77836 0
47236539 Win  3178268 19
47289167 Intractable. 13682505 288
47413351 Win  2293994 10
47419703 IMP  1270268 6
47462568 IMP  2397994 20
47562902 IMP  1836543 10
47563668 Win  4998752 84
47605564 IMP  2584542 48
47640486 IMP 10036215 177
47678951 IMP   295765 0
47680631 IMP  1441389 7
47693918 IMP  1205433 5
47792621 Win   369399 1
47810164 Win   323248 0
47879331 IMP   342806 1
47920854 IMP     1979 0
48182997 IMP  3495567 38
48247613 Win   201087 1
48321648 Intractable. 12196282 468
48322158 IMP   595805 1
48352984 Win    92481 0
48420008 Win  1112578 5
48426713 IMP  1132115 9
48428134 IMP  4837275 60
48463219 Intractable. 11954478 496
48470163 IMP   283145 0
48489793 IMP  7886688 196
48501580 IMP  1399383 10
48549355 IMP  3534742 38
48569155 Win   315619 1
48630085 IMP  3819844 57
48643748 Intractable. 10716780 276
48855727 IMP  1542394 4
48969179 IMP  4936219 61
48977412 Win  1722297 9
48997448 IMP  4114336 52
49141067 IMP  1880573 18
49164623 IMP  1107492 4
49177031 IMP  1228555 6
49178020 IMP  5538565 45
49219240 Win     3344 0
49313798 Intractable. 10813120 270
49482929 IMP   633900 3
49528427 IMP  4488551 42
49573772 Intractable. 13052729 343
49605644 Intractable. 10854544 266
49645503 Win   288697 1
49649192 IMP   465289 1
49695485 IMP  2055240 14
49815001 IMP   993251 2
49856906 Intractable. 11964567 284
50177784 IMP   270206 0
50183818 IMP  6153307 113
50223995 Win    58672 0
50281580 IMP  1124209 18
50359087 IMP  1174186 5
50715863 IMP  4387092 58
50765868 IMP   993168 4
50859976 IMP   141497 0
50978254 IMP   254590 0
51014741 IMP   784264 2
51066679 IMP   805180 3
51157686 IMP  5168789 52
51231344 Win   952272 4
51304720 IMP  1129697 5
51367988 IMP   328472 0
51383322 IMP  1969887 13
51451880 IMP  1722911 7
51733812 IMP   876857 2
51802427 IMP   768804 3
51837321 IMP  1210032 8
52074303 IMP  2169160 10
52328798 IMP  1000561 2
52373141 Win  1255033 6
52586645 IMP  4457878 46
52637608 IMP  1001073 3
52682945 Win   327898 0
52763540 Win   794854 7
53128645 IMP  7454515 63
53145055 IMP  3960015 99
53175894 IMP  1148408 4
53177934 IMP  1889395 18
53281445 IMP  3389029 27
53415959 Win  1808947 11
53423087 IMP  8328911 193
53449700 IMP   754662 2
53575940 IMP   559131 2
53767823 IMP  6378728 218
53769106 IMP  2534441 24
53794482 IMP  4769370 145
53919190 IMP  1524423 5
53980971 Win   885202 3
54002831 IMP   145019 0
54076964 IMP   249356 1
54105081 Intractable.  9541126 485
54176307 IMP  1026256 9
54193322 IMP  1812013 14
54237265 IMP   631118 3
54253775 IMP  2756714 30
54335683 IMP   657852 2
54403551 Intractable. 11307977 512
54429214 IMP  9830050 276
54566511 IMP  2138543 25
54674911 Intractable. 13185923 275
54685032 IMP  5911108 89
54690406 IMP   922362 2
54744126 IMP  2720914 14
54768743 IMP   952385 6
54780744 IMP   277388 0
54806431 Win   240194 1
54911615 IMP  8992165 397
55003017 IMP   677351 1
55023551 Intractable. 11334193 684
55150620 IMP  1705999 8
55204696 IMP  2139037 17
55226305 IMP   260603 1
55302229 IMP  4090294 35
55380657 IMP  1811329 9
55586301 IMP  1608235 8
55712202 Win  2418116 11
55714851 Win  1147308 5
55731763 IMP   958917 6
55870910 IMP  1122246 9
56012353 Win   450956 1
56016172 Win   429472 1
56280372 IMP   443745 2
56331957 Win  3010712 39
56387240 Win  4916404 60
56390585 Win    10091 0
56410538 IMP     1575 0
56441373 IMP   601966 4
56442622 IMP 12699255 238
56444035 Win   477251 1
56505218 IMP   285495 1
56547918 IMP   975080 5
56661351 Win     4578 0
56663989 IMP  4590873 62
56828273 IMP 11320848 538
56937520 Intractable. 14009068 307
56983249 IMP  5584235 56
57083723 IMP  1727375 9
57160963 Win   266516 1
57165251 IMP   571932 1
57277082 IMP  2046289 10
57314901 IMP   732774 1
57334950 IMP   737348 3
57745735 IMP  2049034 20
57884953 IMP  1128489 4
57885305 IMP   513851 1
57933183 IMP  1526453 10
57993913 IMP    30287 0
58028109 IMP   761951 2
58029721 IMP   233969 1
58086126 IMP  1253420 7
58158339 IMP  4804121 50
58160424 Win  2157460 10
58172443 IMP  1121955 6
58177716 IMP   182990 0
58327432 IMP    32264 0
58331977 IMP   140236 1
58408970 Win  2528494 21
58739256 IMP  4426518 104
58780270 IMP  4076779 58
58826572 IMP  6549201 91
59235201 IMP   755782 2
59235434 IMP  3588006 38
59394836 IMP   792119 3
59408676 IMP   532664 2
59482240 IMP  4097319 71
59810319 IMP  1551605 12
59953509 Win   151414 0
59983870 IMP  1200280 5
60124678 IMP   390353 1
60193732 Win    16260 0
60223793 IMP   771195 1
60345311 Win   481552 2
60350066 Win    70086 0
60506024 IMP  7926165 254
60561259 IMP  1298179 6
60593783 Win  6185204 99
60627167 IMP  4035245 67
60653188 IMP  2249604 13
60710838 IMP  1334514 7
60734356 IMP  5654360 137
60749069 Intractable. 11261749 467
60786866 Intractable. 10833409 296
60801846 IMP   959682 10
60906441 Win  1412179 8
61045124 IMP  1618934 9
61073034 IMP  1203090 13
61140110 IMP    78422 0
61169770 IMP  1051779 6
61231462 IMP  1419970 16
61452313 IMP  2648255 18
61548818 IMP  1966389 11
61572252 IMP  1849075 7
61575670 IMP   539302 1
61659234 Win   837591 7
61667521 IMP  6739225 187
61695265 IMP  6145368 123
61778046 IMP  1587806 22
61938877 IMP  2220992 17
61945158 IMP   353705 1
62023761 IMP 10744726 278
62023953 IMP   284535 1
62055970 IMP  6219240 158
62174782 IMP  4060366 86
62311862 IMP   418816 0
62323548 Win  6944630 206
62327456 IMP  2903743 27
62388764 Win   179525 0
62445014 Intractable. 10856120 468
62460618 Win   115610 0
62614844 IMP   718155 3
62644571 Win  1409100 5
62657297 IMP  2484120 15
62764045 IMP   902512 5
62783445 Win   304765 1
62976001 IMP  2647265 24
62988945 IMP  8689167 257
62995422 IMP  2944069 35
63106185 IMP  3024701 21
63113802 IMP  1341810 8
63426392 IMP  1661780 22
63426633 Intractable. 12072589 276
63523153 Win  4869275 75
63650044 IMP  6053098 113
63728943 IMP  6558805 198
63744572 IMP  1982379 11
63858461 IMP  5796538 69
63864972 Win    76726 0
64011505 IMP   543570 1
64107052 IMP  2424019 17
64212314 IMP  5443749 54
64301098 IMP  8197282 154
64499196 IMP   776980 3
64532180 IMP  2501136 27
64612436 IMP   587558 2
64676422 Win  1224848 6
64689551 IMP  7512957 215
64709834 Win  1625797 6
64779435 Intractable. 10858289 280
64795452 IMP  1284936 9
64902785 IMP   101956 1
64928874 IMP  2335066 16
65005034 Win   569272 1
65039387 Win  3262084 22
65117817 Win  1659369 7
65122694 IMP  5495087 101
65267000 Intractable. 11377515 378
65285115 IMP   104364 0
65308475 IMP  1351517 11
65424973 IMP  2993298 40
65509978 IMP   404466 1
65542368 IMP   758660 1
65635265 IMP  1122786 7
65664510 Win   104927 0
65678254 IMP  1938185 18
65688221 IMP  4728941 87
65814476 IMP  1363489 7
65831857 IMP  4557506 47
65910669 IMP  1631256 6
65987266 IMP  1016907 2
66001124 IMP    15029 0
66023152 IMP  6743812 171
66071497 Win   166056 0
66211209 Win   734784 4
66243241 IMP   697342 2
66307480 IMP  1659947 8
66444061 IMP  3409561 43
66466240 IMP  1719751 15
66572422 IMP  2537839 33
66738970 IMP  1613259 6
66798546 IMP  1759593 11
66842723 IMP   752887 2
66986227 Win  1330320 12
67087685 IMP  1765850 13
67104841 IMP  6064618 158
67165973 IMP   209833 0
67237155 IMP  9794343 275
67343884 Win     4462 0
67349734 IMP   337122 1
67358890 IMP  1731191 6
67387217 IMP   847755 5
67458892 IMP  4146322 48
67554375 IMP   323619 1
67733335 IMP  6483490 118
67742597 IMP  8132692 333
67848453 IMP   250756 0
67986214 Intractable. 10733800 287
68136732 Win   115848 0
68219735 IMP  1315723 6
68283403 Win  4875825 39
68374474 IMP  3399431 33
68406578 IMP  1138346 9
68547131 IMP  1015321 5
68594822 IMP  2424096 26
68675445 IMP   886319 2
68693583 IMP  1363974 5
68938987 IMP   818776 4
69047637 IMP  6857659 116
69048928 IMP  9419426 253
69081076 IMP  2805866 18
69136803 IMP   338013 1
69493779 IMP    65329 0
69793227 IMP  1174243 5
69808985 IMP  4776683 69
69847087 IMP   567169 3
69888425 IMP   484607 2
69951372 Win  1079045 3
69963350 IMP  4697146 63
69980506 IMP  5246469 44
70284158 IMP  7736002 190
70284459 IMP  3236797 34
70386493 IMP  7513869 167
70450389 IMP  1090487 4
70642234 IMP   681835 2
70691566 IMP  6008952 128
70757065 Intractable. 12372057 304
70825865 IMP   406427 1
70900253 IMP   872975 3
70922138 Win 11779462 324
71014865 Win    77402 0
71169512 IMP  7459438 84
71205670 IMP  1113969 2
71209774 IMP   137239 0
71239288 IMP  4957806 37
71248867 Win     4243 0
71289287 IMP  1834611 11
71458873 Win   270404 0
71479824 IMP     9663 0
71544920 IMP  7697127 231
71639044 Intractable. 11400381 465
71647821 Win  6754204 71
71897682 IMP  1638032 8
71957250 IMP   147733 0
71979743 Win   601443 2
71983689 IMP  5753303 64
72161963 IMP  1694829 10
72169124 IMP  2034057 10
72239903 IMP  8183802 149
72387847 IMP  1862454 11
72533180 Win  3284306 30
72543971 IMP  1599266 6
72555862 IMP  7469578 226
72737367 IMP  2578404 23
72737939 Intractable. 10909799 279
72835643 IMP  1343207 4
72868374 IMP   645906 2
73218305 IMP  2495048 60
73244837 IMP   823222 1
73247223 Win   202324 1
73395846 Win  3902324 58
73399126 IMP  1726468 7
73406528 Win   121415 0
73420457 IMP   470779 1
73617182 IMP   795160 2
73735331 IMP  1497794 6
73777525 Win   544932 2
73779453 IMP  1891584 39
73788374 IMP  2363920 11
73814191 Win  1507936 6
73815741 IMP  7694396 160
73839074 IMP   967916 3
73928853 Win  1970516 11
73937858 Win   601894 2
73951571 IMP  1625613 5
73992737 Win  1972824 14
74051493 IMP  1239789 15
74107521 Win   977539 2
74115453 IMP  4836718 67
74166956 IMP   836351 3
74252824 Win  2085018 9
74482354 IMP  1407243 5
74614292 IMP   890176 5
74750742 IMP  1601501 7
74776838 IMP  1251942 3
74779916 IMP  1412979 7
74914149 IMP  5203784 42
75014290 IMP  3758566 18
75255590 IMP  1522522 8
75449161 IMP  6963162 121
75454887 IMP  2223104 31
75548118 Intractable. 11266195 199
75567553 IMP  6788889 92
75647131 IMP  3828599 52
75659660 IMP   418306 1
75737928 IMP  2821815 26
75897251 IMP  1222796 24
75939904 IMP  2463661 22
75949475 IMP  3551329 38
76007879 IMP  3114668 62
76127451 IMP   494263 1
76149449 Intractable. 10136787 318
76358337 IMP  5221458 115
76400744 IMP   548613 3
76445733 IMP   754423 2
76551482 IMP  3718061 33
76686797 IMP  2956998 21
76700195 IMP  9097408 547
76791491 IMP   236974 0
76830787 IMP  2004862 16
76954523 IMP   374430 0
77145202 IMP  3955211 54
77181144 Win  2598407 16
77558482 IMP  1110375 8
77640888 Win   532862 1
77677111 IMP  4805887 131
77684281 IMP   378231 1
77696887 IMP  2309268 13
77724235 IMP  8553146 271
77744411 Intractable. 12176192 387
77777808 IMP   965440 5
77790787 IMP  2464572 15
77817399 Win  8342688 123
77823028 Intractable.  9632006 1153
77951670 Win    10192 0
78021118 IMP   627475 1
78043651 Intractable. 11044170 432
78078456 IMP   273227 1
78089391 Win   640010 1
78357760 Win   209660 0
78358605 Win   201703 1
78379381 IMP  3030741 34
78652488 IMP  2568599 21
78664970 IMP  3428064 105
78696980 IMP      817 0
78794088 IMP  2495528 17
79121562 IMP  6803326 117
79202742 IMP   496869 2
79208941 Win  1161408 4
79393911 Win  9547919 77
79572170 IMP  7196015 105
79750357 IMP  1336241 5
79776358 Win  1499848 7
79792654 IMP   989900 3
79920325 Intractable.  9472401 283
80075116 IMP  4661603 170
80120359 IMP  4391902 75
80138694 Intractable. 13647821 355
80259709 IMP  1557581 6
80340041 IMP  2183365 14
80426466 IMP   294576 1
80434882 IMP  1237844 8
80544352 IMP  1161486 12
80547454 IMP   701001 3
80651160 Win    24642 0
80770205 Intractable. 10585723 684
80905419 Intractable. 10785379 467
80944155 Win  1120134 4
80976941 IMP  5946546 86
81107475 Win  5152023 95
81158009 Win  4348961 47
81242117 IMP  4670998 68
81317630 Win   417327 0
81336570 IMP   348742 1
81392832 Intractable. 14005318 497
81423503 IMP   754960 2
81440637 Win     4772 0
81592049 IMP   635277 2
81606681 Intractable. 11058804 366
81718828 IMP    63110 0
81780208 IMP  1731908 12
81957891 Win  1326521 4
82110634 IMP  3875999 57
82218821 IMP   628461 2
82252507 Win  3780421 33
82414170 IMP  9078683 235
82440490 IMP  3961880 98
82441739 IMP  3469751 44
82529961 Win 10505356 394
82541423 IMP  1715199 22
82583515 IMP  2110634 14
82663508 IMP  2272694 14
82680705 IMP  4648107 111
82780876 IMP   898876 5
82891593 Win  2360880 13
83042294 Win  2159315 10
83193910 IMP  2194343 10
83287111 IMP  1457677 6
83299482 Win   130575 0
83397565 IMP  1567250 8
83402068 IMP  3738826 28
83444555 Win  2085953 17
83570539 IMP  1254330 8
83570930 IMP   715960 2
83574974 IMP  4101684 31
83613624 IMP  1006003 7
83749469 IMP  1487759 8
83928810 IMP     9252 0
84017878 IMP   237501 1
84041108 IMP  5432511 108
84066795 IMP     6388 0
84127432 Win      276 0
84165274 IMP  1454820 12
84216037 Win    33719 0
84233964 IMP   689267 2
84526096 IMP  6361175 186
84566923 IMP   926407 5
84665439 IMP  1166019 5
84695190 Win     2396 0
84704502 IMP  1369662 5
84883023 IMP   660866 2
84908825 IMP   623060 2
84913432 IMP  4571360 53
84945951 IMP   535489 2
85141927 IMP   757839 5
85387699 IMP  1772574 62
85477513 Win  3132423 16
85484893 IMP   916206 4
85500118 IMP  1405445 13
85528413 IMP  2534297 19
85529114 IMP  2236883 57
85627859 IMP  4911550 65
85680979 IMP  2154499 21
85721979 IMP   836339 5
85782663 IMP   683633 2
85827175 IMP  9362464 332
85839247 IMP  2978944 18
85900044 Win  1796294 12
86044346 IMP   714344 2
86064366 IMP   805090 2
86106171 IMP  2986012 21
86130585 IMP  6669004 76
86225420 IMP  3332914 84
86335478 Intractable. 11536992 346
86427557 IMP  2127048 14
86763325 IMP  3536748 24
86777781 IMP  1007972 2
86981750 Win   846191 2
87012921 IMP  5270605 124
87337826 IMP  5446726 204
87394797 IMP  2378869 11
87435199 IMP  2134443 14
87555937 IMP  8278793 145
87611261 IMP  2473806 14
87629393 IMP   838159 2
87703864 IMP  8981590 179
87860351 IMP  3498643 95
87906623 IMP   277900 1
88010376 Win   628853 1
88085558 IMP  1190193 5
88099207 IMP   777642 2
88183090 IMP  1314875 6
88219472 IMP  3691133 20
88508706 IMP  1771697 6
88672583 IMP   856849 1
88791390 IMP   950515 4
88887673 IMP  4442666 116
88924716 IMP  3003240 25
88960517 IMP   519336 1
89031355 IMP  1388359 7
89143471 IMP   877002 1
89335955 IMP  2588115 17
89595169 IMP  2064779 12
89663928 IMP  4004399 60
89683318 IMP   983950 8
89696445 IMP    16171 0
89820076 IMP  1385134 6
89903547 IMP  1987182 12
89918762 Win  4177653 62
89974902 IMP   305588 0
89992077 IMP  2988668 25
90044638 IMP  5349106 67
90096367 IMP   631405 2
90240834 IMP  3492428 46
90246053 Win  2252408 15
90291042 Win     3330 0
90343349 IMP   590634 3
90374000 Intractable. 11296663 327
90389793 IMP   863442 2
90458074 IMP  2021420 10
90544613 IMP  6234919 79
90632780 IMP  1405177 7
90648141 IMP  2846512 40
90651354 IMP  1054206 3
90707133 IMP   539396 1
90740839 IMP  4031703 38
90831151 IMP   634960 1
90832814 IMP  4836356 117
90938618 Win    91765 0
91072378 IMP   487483 1
91127924 Intractable. 14436245 734
91148299 Intractable. 11709213 211
91520729 Win  1399423 11
91751307 Intractable. 10206640 215
91785320 Win  1212606 5
91793152 IMP   667435 2
91794241 Intractable. 12423351 317
91817910 IMP  1622459 10
91934223 IMP  5571652 135
91959423 IMP  1469425 9
92004457 IMP   990084 3
92098006 IMP   998970 3
92107077 IMP 10511903 202
92110066 Win  1169636 4
92120278 IMP  2580624 15
92135770 IMP   860112 5
92244291 Win   720892 3
92317237 IMP  6386493 98
92377816 IMP  2767329 24
92480733 IMP  1366922 12
92574107 IMP  4990740 67
92926056 IMP  1544913 6
93083012 IMP  6379627 186
93096179 IMP   576984 1
93151141 IMP  1791031 9
93220415 IMP  1273195 3
93362847 Win  3814112 21
93467196 Win  4427560 106
93616944 IMP   222680 1
93696409 Win  5460129 218
93921612 IMP   408760 1
93943583 IMP  4612580 40
93962540 IMP  1226842 12
93962964 IMP   975416 4
94120920 IMP  4475492 51
94188599 IMP 10111837 295
94412558 IMP  1498558 8
94474396 Win   198047 0
94497437 IMP  1654132 10
94523365 Win  2692284 18
94550471 IMP  4768821 86
94687150 Win   149488 0
94758208 Win  5357229 127
94803339 IMP  1230915 4
94903216 Win    96193 0
95009029 Win    60972 0
95116700 IMP  2550568 18
95164322 IMP  5589744 63
95216466 IMP  3508090 36
95220521 IMP   353416 0
95238609 Win  2090807 12
95256025 Win   642798 1
95409859 Win     4914 0
95568902 IMP   332831 1
95619784 IMP   576406 1
95621570 IMP  5002232 115
95998226 Win  3510242 31
96051331 IMP  1643461 10
96204650 IMP   622611 2
96259287 IMP  1352397 7
96420154 Intractable. 13363599 315
96581017 IMP  5498172 48
96739687 IMP  1873594 10
96812963 IMP   818514 1
96943674 IMP  1336889 10
96950361 Win   334035 1
96957352 IMP   590552 2
97020377 Win  2905907 15
97216903 Win  1113977 6
97242896 Win  2200967 12
97469555 IMP  5655187 138
97586793 IMP     1394 0
97595203 Intractable. 11560008 778
97598690 IMP  2274303 28
97839088 IMP  5548092 67
97916792 IMP   740359 2
97918705 IMP   189960 0
97949885 Win  2369433 28
97998098 Intractable. 12444098 278
98002502 IMP   627964 2
98056496 IMP  5228257 84
98148932 IMP   735974 2
98219873 Win  3089845 26
98607282 IMP  2119977 19
98669117 IMP  2496566 56
98684255 Win   632919 2
98756938 IMP   639092 1
98760181 IMP   866596 10
99005066 Win  1702138 8
99018964 IMP  1196085 13
99176381 Win   109637 0
99232288 IMP  1725712 9
99298784 Win   328192 1
99396994 IMP   118179 0
99717830 IMP   967546 3
99732903 IMP   512547 1
99758943 IMP  1947025 7
99856276 IMP  2726128 29
Number of Freecells: 0   Mode: 

Winnables: 248
Impossibles: 1107
Intractables: 69
Total time: 20 Hours, 7 Minutes, 31 Seconds
