#80138694 Attempt: 1 NumFcs=0 (FCPro - Solved)
37 36 76 13 71 76 76 75 37 36 
76 17 15 75 14 16 31 27 26 23 
21 72 57 53 73 27 21 82 71 27 
28 78 62 67 27 62 64 24 72 74 
24 67 62 63 23 73 62 65 25 47 
42 72 47 43 73 27 23 73 82 87 
86 27 85 84 87 62 68 28 67 62 
3h 23 82 86 26 78 72 82 78 76 
86 57 58 78 27 26 76 52 57 27 
82 87 27 48 42 47 27 87 14 12 
16 18 2h 68 61 62 12 16 26 86 
82 48 46 47 8h 41 47 37 38 3h 
8h 41 58 54 5h 51 54 25 21 51 
72 75 73 7h 25 32 37 27 62 61 
6h 6h 21 52 57 27 15 12 52 15 
16 56 25 26 56 12 15 25 12 14 
6h 24 31 32 12 51 54 14 35 31 
51 35 38 58 25 21 51 32 35 