#1841112 Attempt: 1 NumFcs=0 (FCPro - Solved)
2h 52 73 24 26 56 87 17 21 24 
84 14 27 25 26 16 46 42 62 64 
24 26 52 51 21 72 78 46 28 42 
62 64 24 26 72 75 25 82 85 25 
82 82 52 84 1h 48 46 86 38 36 
83 58 28 25 85 82 18 15 13 71 
85 75 18 17 87 28 21 81 52 58 
28 52 51 21 82 81 21 58 52 82 
58 57 54 51 87 45 48 58 65 68 
58 65 64 54 25 27 57 62 65 25 
42 45 25 42 46 26 52 56 26 52 
54 24 15 12 52 65 64 54 85 84 
54 35 34 54 85 86 56 18 15 17 
85 18 78 71 81 87 28 25 85 17 
12 18 72 78 71 81 87 21 27 17 
18 12 82 72 78 71 81 21 28 27 
18 17 12 72 71 21 27 81 87 52 
58 17 28 12 72 71 21 27 52 51 
21 65 62 52 85 81 51 68 65 85 
28 25 85 32 48 42 82 48 45 85 
28 25 85 38 32 52 34 83 58 54 
84 24 28 25 85 45 42 48 52 58 
54 84 85 45 48 84 54 58 24 28 
48 42 45 82 85 84 54 58 24 28 
48 42 45 25 85 82 84 24 68 62 
82 54 58 64 67 63 6h 4h 36 48 
45 85 84 38 54 68 36 34 83 86 
36 18 13 17 37 87 13 18 38 13 
16 36 51 53 13 41 43 13 41 45 
15 31 35 15 31 34 14 63 61 31 
83 81 31 78 73 71 31 81 73 78 
38 53 54 34 73 76 36 83 86 36 
18 13 16 36 86 13 18 38 13 17 
37 51 53 13 41 43 13 41 45 15 
31 35 15 31 34 14 63 61 68 31 
53 54 34 13 18 38 51 53 13 41 
43 13 41 45 15 31 35 15 31 34 
14 63 67 61 71 76 31 53 54 34 
13 16 17 51 67 37 43 41 45 15 
14 35 81 83 87 13 51 54 14 31 
37 83 86 36 17 58 53 51 31 81 
43 41 48 31 43 45 83 48 58 54 
84 85 18 13 83 45 48 58 54 84 
85 18 14 15 84 31 34 38 35 14 
85 43 45 41 48 51 58 54 31 84 
85 45 43 48 53 58 54 84 85 34 
35 45 48 43 83 53 58 54 84 18 
13 14 83 51 58 18 31 34 14 51 
52 12 35 31 38 51 43 41 45 48 
31 58 43 45 42 52 32 45 43 53 
15 18 58 15 12 52 41 7h 76 75 
65 67 57 56 47 45 14 81 82 8h 
12 31 34 14 23 21 28 31 23 83 
82 32 38 73 76 7h 36 13 12 32 
61 63 67 37 17 23 21 28 18 38 
21 23 13 21 24 14 31 34 14 83 
81 84 14 34 81 83 13 81 82 12 
48 41 43 81 48 42 82 32 38 34 
84 24 23 28 43 48 42 82 84 68 
32 34 13 12 32 61 63 81 68 38 
13 18 38 41 43 3h 63 65 35 26 
23 21 31 61 43 46 36 23 26 36 
23 24 34 63 64 34 63 62 32 76 
73 78 63 46 42 62 36 38 68 43 
46 36 23 26 36 23 24 34 63 64 
34 63 62 32 76 73 63 46 42 62 
76 75 65 36 35 65 43 46 36 23 
26 36 23 24 34 63 64 34 63 62 
32 76 73 63 46 42 62 76 7h 2h 
47 27 24 74 72 37 36 42 43 23 
24 76 34 32 17 13 3h 13 14 34 
51 53 13 51 56 16 31 36 16 43 
41 42 12 32 81 83 86 8h 4h 8h 
8h 13 85 41 48 18 31 36 16 43 
41 31 43 