#3291799 Attempt: 1 NumFcs=0 (FCPro - Solved)
3h 87 56 57 27 54 52 58 25 28 
58 45 68 12 41 86 51 25 21 68 
42 43 51 25 38 58 25 85 83 53 
86 21 35 36 56 53 63 15 12 52 
65 35 36 56 53 63 25 21 36 51 
85 63 81 51 65 61 51 65 31 26 
32 35 25 82 86 15 38 38 32 34 
13 5h 51 35 23 26 42 36 13 51 
35 63 24 82 36 13 51 35 73 28 
12 51 25 72 32 13 74 51 35 23 
24 62 34 63 23 12 51 25 32 36 
43 26 82 34 13 51 28 12 31 53 
23 42 56 45 25 32 13 47 21 52 
57 27 32 36 43 45 35 16 43 43 
84 34 38 48 21 82 63 16 31 53 
24 72 35 48 73 75 35 13 61 84 
25 36 72 73 57 37 53 52 32 48 
73 72 32 84 73 75 35 13 61 36 
73 27 25 75 72 67 16 52 36 13 
73 57 63 27 25 36 75 48 63 72 
84 87 47 36 48 34 64 78 31 52 
53 23 25 35 61 87 32 43 16 52 
36 13 43 63 25 78 36 34 31 41 
63 64 34 23 16 53 52 61 32 87 
41 23 46 16 32 54 78 23 24 61 
34 32 87 83 73 78 27 47 16 25 
45 75 74 61 67 17 16 38 76 71 
61 54 83 16 57 52 61 47 42 16 
72 45 14 27 64 61 25 41 38 46 
16 52 83 54 24 74 25 38 47 45 
61 75 42 16 14 64 61 57 52 16 
72 83 61 75 47 16 25 76 17 47 
38 24 54 67 52 42 76 45 74 71 
83 57 27 38 41 64 72 41 64 14 
16 27 25 61 41 83 75 14 16 46 
38 41 57 54 61 74 75 16 45 27 
61 83 72 57 16 42 72 61 84 67 
34 17 16 25 43 76 85 82 67 52 
83 42 84 28 61 71 82 76 16 85 
25 27 61 57 52 16 58 28 61 25 
85 82 75 38 16 57 52 72 61 75 
27 16 37 87 61 68 18 35 23 53 
81 52 32 86 16 23 25 28 61 58 
52 16 82 85 25 35 78 61 75 32 
63 13 16 72 52 37 61 71 67 37 
17 25 23 53 52 32 35 63 25 71 
85 68 38 73 78 67 38 63 73 67 
64 6h 18 74 67 62 65 75 26 17 
87 62 86 76 78 17 87 67 68 16 
13 63 16 8h 83 14 64 86 84 64 
76 2h 58 34 74 73 57 43 87 58 
34 52 82 78 43 63 16 72 17 67 
16 82 18 68 16 1h 