#5392239 Attempt: 1 NumFcs=0 (FCPro - Solved)
1h 14 28 18 13 24 12 12 51 52 
5h 1h 21 25 15 21 24 14 31 32 
3h 12 51 54 14 31 53 56 76 75 
17 41 43 13 51 56 16 25 21 51 
86 85 65 68 58 56 25 28 23 58 
62 65 25 12 18 28 61 62 12 51 
52 12 73 75 35 31 76 51 53 65 
67 13 57 67 63 64 25 27 57 25 
26 56 72 76 75 65 67 57 56 76 
75 26 72 52 65 62 52 65 67 57 
25 27 57 25 26 56 82 85 25 72 
76 26 82 86 26 52 56 26 45 42 
52 85 87 57 85 18 41 45 15 21 
25 15 32 38 31 35 81 85 83 21 
53 52 32 35 82 12 87 84 18 15 
85 25 21 28 23 51 58 53 52 32 
35 82 85 25 28 23 83 53 52 58 
32 38 35 12 18 28 21 25 15 85 
82 81 83 21 51 58 53 52 83 13 
18 12 82 51 58 54 32 84 14 38 
31 34 81 21 28 24 23 43 42 83 
13 18 12 82 61 68 67 32 87 17 
38 31 34 81 21 28 24 23 43 42 
83 13 18 12 38 32 31 34 21 24 
23 43 42 13 12 32 31 34 21 24 
23 81 84 14 12 13 42 43 48 41 
23 28 38 32 31 34 21 81 82 84 
24 38 32 35 82 38 31 23 25 35 
42 43 45 23 42 52 54 24 25 12 
13 23 45 42 52 54 24 25 12 14 
15 24 31 34 32 35 42 45 43 12 
53 54 51 41 45 31 35 23 21 25 
15 12 35 13 14 23 51 53 52 54 
24 13 52 51 21 42 41 21 42 45 
25 12 15 25 12 14 24 31 35 32 
34 52 54 53 12 43 45 41 51 54 
31 34 23 21 24 14 12 34 13 15 
23 61 62 12 41 43 13 41 45 15 
31 35 15 31 34 14 63 61 31 23 
21 31 72 73 71 31 21 73 72 32 
53 54 34 73 76 36 23 26 36 12 
13 16 36 26 13 12 32 13 17 37 
21 27 17 53 52 51 21 31 42 41 
43 21 42 45 32 43 53 54 34 35 
13 12 32 13 14 15 34 21 24 23 
25 43 45 42 52 54 13 24 25 45 
41 42 12 31 35 32 15 63 61 67 
31 53 52 32 13 17 37 51 53 54 
13 21 23 13 51 41 45 15 14 21 
25 24 62 15 31 35 15 31 34 14 
73 71 72 76 31 26 27 67 63 62 
32 72 73 76 36 13 12 32 71 73 
13 51 54 14 61 63 13 61 67 17 
31 37 17 31 36 16 23 21 27 31 
23 26 73 76 72 36 32 13 16 51 
36 53 13 41 43 13 41 45 15 31 
35 15 31 34 14 73 71 31 23 21 
31 62 63 61 31 21 63 62 32 63 
67 37 23 27 37 12 13 17 23 12 
72 71 21 27 52 54 24 17 12 72 
71 21 27 32 31 21 53 52 32 43 
42 32 43 45 35 23 25 35 23 24 
34 12 13 17 37 27 13 12 32 13 
16 36 41 43 13 21 26 16 42 41 
21 32 31 21 53 51 52 31 53 23 
12 13 23 52 54 24 12 14 24 12 
15 25 41 45 42 52 54 12 31 32 
12 31 34 14 73 71 76 31 23 24 
34 13 16 36 21 23 25 13 42 43 
41 45 31 35 34 21 54 53 52 32 
42 43 45 35 25 23 24 62 53 54 
34 35 13 14 15 34 71 73 13 41 
45 15 61 63 21 62 67 32 37 36 
27 26 43 42 32 13 17 51 52 12 
37 61 63 13 51 54 14 21 24 14 
21 25 15 72 71 73 21 42 45 25 
12 13 23 41 42 12 51 52 12 51 
54 14 21 24 14 21 25 15 62 61 
21 42 45 25 72 71 21 72 76 26 
12 16 26 12 17 27 41 42 12 51 
52 12 51 54 14 21 24 14 21 25 
15 32 31 36 21 32 37 27 43 45 
42 35 13 16 36 41 43 21 42 32 
13 12 32 61 63 67 13 51 52 12 
61 71 76 16 17 31 36 16 53 51 
31 23 21 31 53 54 34 23 24 34 
13 14 34 13 12 32 61 63 67 37 
17 23 21 31 23 25 35 42 41 43 
45 13 15 14 23 54 51 52 41 42 
45 12 15 25 21 24 62 51 54 14 
15 31 34 35 14 73 71 72 76 12 
32 41 45 43 15 41 31 53 51 31 
53 54 34 13 14 34 13 15 71 61 
67 35 43 45 35 17 16 23 21 27 
26 76 72 16 36 41 43 13 51 53 
13 51 54 14 31 34 14 31 35 15 
73 71 31 21 43 45 42 35 43 23 
52 53 23 52 54 24 32 34 24 32 
35 63 25 42 45 25 62 61 21 31 
42 43 23 52 53 23 52 54 24 32 
34 24 32 35 25 63 62 67 32 43 
45 35 63 73 76 36 37 23 26 72 
36 73 23 72 78 75 28 47 42 72 
37 38 78 43 47 37 23 27 37 12 
13 16 36 26 13 12 18 32 41 43 
13 21 28 18 42 41 21 32 31 21 
53 52 57 27 37 52 53 23 52 51 
21 32 31 21 53 52 32 53 54 34 
15 13 53 15 12 52 15 14 54 25 
24 54 25 21 51 42 41 45 21 42 
52 15 12 52 15 14 54 25 24 54 
25 21 51 42 41 45 21 32 31 21 
43 42 32 52 13 15 35 13 12 32 
53 52 32 15 13 14 34 54 23 25 
35 23 24 34 53 54 34 25 23 21 
31 51 42 43 45 41 51 31 21 65 
63 68 62 82 86 32 52 73 75 71 
51 31 25 23 26 28 53 68 62 65 
82 85 86 25 26 56 52 58 45 62 
68 28 26 42 52 35 38 58 43 45 
35 23 25 35 72 73 23 72 75 25 
17 12 13 72 17 15 75 35 37 31 
71 51 53 57 13 17 15 75 71 27 
23 51 52 12 15 73 25 21 87 82 
86 26 51 52 12 15 76 25 21 37 
32 35 31 51 53 72 13 15 17 35 
37 57 53 51 31 23 27 37 52 53 
23 12 13 23 12 15 25 32 35 25 
32 31 21 73 72 75 25 35 12 13 
23 72 73 23 17 12 72 17 14 74 
21 24 14 37 32 31 34 21 71 53 
52 51 57 21 31 42 43 23 52 53 
72 57 54 74 34 37 35 75 45 43 
47 53 57 54 74 75 27 23 73 45 
42 47 52 57 54 74 75 45 47 74 
54 57 24 27 47 42 45 25 75 72 
74 24 17 12 13 23 73 12 17 15 
75 25 41 47 42 72 12 37 31 35 
15 75 31 37 17 31 32 12 53 51 
57 31 53 52 32 72 73 75 35 17 
12 72 83 81 87 31 83 73 17 13 
73 21 27 25 75 15 67 61 63 13 
73 61 67 17 61 68 18 71 78 18 
47 41 71 67 64 74 36 37 38 78 
68 37 36 76 37 34 74 23 27 37 
63 64 34 26 23 63 76 73 63 27 
26 21 61 71 42 46 47 26 42 72 
67 62 72 36 37 67 36 31 61 43 
46 36 73 71 31 47 63 67 37 26 
23 63 26 27 67 42 84 86 83 63 
86 87 67 36 37 67 36 38 47 43 
73 68 46 