#6845770 Attempt: 1 NumFcs=0 (FCPro - Solved)
81 71 51 42 62 14 65 63 65 64 
36 34 63 86 34 83 82 62 83 81 
46 48 41 81 61 48 46 31 86 58 
51 53 81 25 28 58 52 82 52 42 
52 15 13 53 45 45 72 85 14 18 
48 14 16 46 14 17 47 34 38 48 
34 36 46 84 86 46 84 83 43 68 
63 64 83 68 48 34 38 48 64 67 
47 34 37 47 64 61 41 26 24 64 
86 87 67 86 83 63 78 73 76 83 
78 68 76 71 61 36 38 68 36 31 
61 86 81 61 86 83 63 78 76 86 
18 13 83 78 7h 67 68 78 16 17 
67 16 18 68 36 37 67 36 38 68 
76 78 68 76 73 63 27 26 25 65 
75 16 17 67 46 45 65 14 16 81 
83 13 18 46 38 34 84 83 43 48 
14 5h 45 38 34 4h 14 1h 71 76 
16 27 21 71 27 24 74 17 14 74 
31 37 17 81 87 17 81 83 13 71 
73 13 71 78 18 67 61 62 71 37 
38 78 17 12 72 31 37 17 81 87 
17 81 83 13 71 73 13 81 82 12 
71 72 12 87 81 86 71 28 27 87 
28 21 81 28 26 86 38 37 87 18 
16 86 38 36 86 18 12 82 51 58 
18 71 76 16 71 73 13 57 51 54 
71 57 47 45 75 74 67 63 73 54 
57 47 45 75 74 17 15 75 21 27 
17 81 85 15 68 61 81 38 31 81 
68 67 87 38 37 87 18 17 87 18 
13 83 61 62 68 12 71 73 13 21 
28 26 86 82 62 68 12 86 71 78 
18 21 26 16 31 38 18 71 76 16 
31 36 16 71 72 12 57 51 71 87 
86 76 87 83 73 58 57 54 74 84 
27 28 78 17 14 74 21 27 17 61 
63 13 81 87 17 58 51 52 81 45 
48 58 15 12 52 41 45 42 52 12 
65 61 1h 31 35 15 31 36 16 51 
56 16 81 82 12 38 31 2h 37 3h 
6h 2h 6h 87 43 48 38 23 28 38 
23 24 34 23 21 31 23 