#8387931 Attempt: 1 NumFcs=0 (FCPro - Solved)
7h 26 32 72 72 82 52 34 56 48 
54 54 51 58 35 34 48 43 83 84 
34 38 73 74 54 27 25 75 67 64 
74 27 23 73 27 21 71 37 31 71 
57 51 71 85 87 82 8h 4h 72 52 
82 8h 82 62 42 47 45 48 75 25 
27 28 24 84 82 42 48 72 52 57 
58 27 28 25 24 54 84 85 82 52 
42 48 45 85 72 75 25 28 27 24 
74 84 54 57 58 52 82 72 42 45 
48 47 25 28 27 24 74 72 17 16 
42 82 84 52 54 24 28 25 85 76 
45 48 42 47 82 48 78 52 57 58 
27 28 25 85 82 75 72 52 57 58 
78 45 47 57 45 42 41 61 52 43 
48 65 63 61 6h 53 46 15 13 14 
53 15 45 14 16 46 24 28 48 34 
35 45 34 36 46 34 31 41 23 24 
34 53 56 36 53 51 31 25 23 27 
53 25 75 72 52 57 45 43 53 27 
24 25 74 75 72 17 52 42 45 14 
74 25 27 57 52 72 75 67 64 74 
67 61 71 47 41 71 47 46 25 24 
54 52 76 42 45 25 27 24 74 17 
16 54 76 57 52 72 15 17 57 65 
67 42 57 45 25 24 54 52 65 61 
51 75 71 51 75 76 42 47 56 27 
24 25 74 75 45 47 42 72 14 16 
17 52 46 54 24 25 45 42 84 83 
52 43 14 74 57 27 25 75 72 67 
64 52 74 57 27 25 75 72 67 61 
71 47 41 71 47 46 52 54 24 25 
76 45 42 17 16 14 52 64 61 41 
46 54 24 25 16 76 45 42 17 14 
41 71 24 27 54 57 52 15 72 42 
47 14 54 65 64 54 65 61 51 45 
41 51 45 46 56 27 24 25 74 75 
72 17 16 52 42 45 14 64 61 41 
46 54 71 87 24 25 45 42 14 16 
52 46 54 24 25 45 42 84 52 74 
37 34 74 37 38 78 37 32 72 13 
17 37 43 48 38 43 42 32 14 13 
43 64 67 47 64 63 43 64 61 41 
34 31 41 34 36 46 13 16 14 64 
61 41 46 31 24 23 43 14 16 46 
74 76 46 74 71 41 67 61 64 71 
67 47 84 83 43 14 17 47 14 16 
46 74 76 46 74 71 41 67 61 64 
71 87 82 72 17 14 16 74 17 67 
61 71 76 37 32 72 37 38 16 13 
63 61 78 31 36 16 17 13 73 63 
67 61 71 27 28 31 78 37 36 76 
16 13 17 63 67 61 71 76 47 43 
41 31 34 36 71 46 13 16 17 14 
74 36 17 13 73 47 43 73 24 27 
47 64 63 43 84 87 47 84 82 42 
74 72 42 74 78 48 67 64 74 27 
28 78 37 34 74 67 61 71 37 31 
71 37 36 13 17 16 37 13 63 61 
31 36 43 47 16 37 13 63 61 31 
36 43 41 31 24 23 43 74 71 41 
84 83 43 84 82 42 34 32 42 34 
38 48 73 74 76 34 17 14 13 16 
43 46 41 36 31 76 14 13 17 43 
14 74 67 63 73 67 64 74 67 61 
71 37 34 74 27 28 78 37 31 71 
23 27 37 43 41 31 83 87 37 83 
82 32 73 72 32 73 78 38 47 43 
73 17 13 73 47 46 76 14 16 17 
46 14 41 71 24 28 27 48 24 74 
37 36 76 37 31 71 63 61 67 31 
63 73 17 13 73 87 84 74 17 16 
76 37 36 76 37 31 71 63 61 67 
31 63 73 87 82 72 17 13 73 17 
16 76 37 36 76 37 31 71 43 42 
47 48 32 78 14 13 17 43 14 74 
27 28 78 37 34 74 23 27 37 63 
64 34 83 87 37 83 82 32 73 72 
32 73 78 38 67 63 73 27 28 78 
47 43 73 67 61 71 47 41 71 37 
31 71 37 34 74 23 27 37 13 14 
34 83 87 37 83 82 32 73 72 32 
73 78 38 17 13 73 47 43 73 47 
41 71 37 31 71 47 46 76 34 36 
46 17 16 13 14 63 64 61 41 46 
73 16 14 17 64 67 61 71 76 27 
28 41 46 16 14 78 64 61 67 41 
47 17 14 16 46 34 37 36 76 73 
46 74 71 41 31 67 61 64 63 71 
43 27 24 74 17 13 73 17 16 76 
37 36 76 37 31 71 63 61 67 31 
83 84 34 13 17 16 76 71 36 87 
82 83 72 47 42 72 47 43 73 14 
17 47 24 23 43 64 67 47 64 61 
41 74 71 41 74 76 46 17 16 14 
64 61 74 67 17 16 76 71 87 85 
61 68 75 18 16 17 86 87 67 68 
61 81 48 47 41 71 74 81 78 76 
86 46 17 16 18 14 84 64 68 61 
81 41 48 46 18 16 14 78 27 64 
61 41 46 24 25 74 27 16 57 52 
72 75 17 67 61 71 76 37 34 74 
25 27 16 57 52 72 75 37 32 35 
72 13 17 63 67 61 71 76 31 36 
27 25 23 75 27 16 37 13 63 61 
31 36 43 45 35 43 47 16 14 64 
61 37 41 46 16 13 14 63 64 61 
34 31 53 57 41 37 43 46 13 16 
14 64 61 34 31 83 84 81 41 48 
31 43 46 83 14 13 18 16 43 86 
14 18 48 64 68 48 34 38 48 34 
36 46 53 54 34 53 52 32 43 42 
32 64 63 43 64 61 41 34 31 41 
23 24 34 73 74 34 73 72 32 43 
42 32 43 47 37 14 13 43 84 83 
43 24 27 47 84 81 41 34 31 41 
34 38 48 23 24 34 73 74 34 73 
72 32 43 42 32 43 47 37 84 83 
43 14 13 43 84 86 46 18 16 14 
64 61 84 28 27 87 38 34 84 38 
31 81 23 28 38 43 41 31 73 78 
38 73 72 32 73 75 35 27 25 23 
53 52 73 57 27 25 75 72 87 83 
52 73 57 27 25 75 72 87 85 75 
38 35 37 85 38 32 78 43 47 46 
76 36 14 16 17 13 73 63 67 61 
71 31 37 36 17 16 13 63 61 47 
31 36 16 14 13 43 63 64 61 41 
54 58 31 48 34 36 14 16 13 63 
61 43 41 54 52 42 74 73 71 43 
57 54 74 27 24 74 27 25 75 47 
45 75 47 42 72 64 67 47 54 52 
42 84 82 42 84 85 45 18 14 17 
84 18 16 86 76 78 71 81 61 67 
68 17 18 16 86 81 61 68 71 78 
18 17 16 76 86 87 81 71 38 34 
37 36 31 61 63 71 41 47 43 81 
73 14 13 18 17 16 43 76 86 14 
17 18 47 14 84 28 25 85 38 36 
86 78 74 84 27 28 78 57 58 78 
57 52 72 87 82 72 87 85 75 38 
37 34 74 84 23 25 27 28 35 78 
23 27 37 53 58 38 53 57 37 53 
52 32 63 64 34 73 72 32 73 75 
35 27 25 23 53 52 73 57 27 25 
75 72 87 83 52 73 57 27 25 75 
72 87 85 75 28 27 87 28 21 81 
38 35 85 78 71 81 37 38 31 81 
71 53 51 58 57 31 87 53 58 38 
13 17 37 13 18 38 13 15 35 73 
78 38 73 75 35 67 63 73 47 43 
73 47 46 76 37 36 76 37 34 74 
53 57 37 83 87 37 83 85 35 63 
64 34 73 75 35 73 78 38 67 63 
73 47 43 73 47 46 76 37 36 76 
37 34 74 83 87 37 83 81 31 48 
43 83 58 57 87 58 51 81 68 63 
83 68 64 84 78 71 81 78 75 85 
67 68 78 17 15 75 47 48 78 37 
38 78 37 34 74 13 17 37 53 57 
37 53 51 31 73 71 31 73 75 35 
27 28 13 15 35 63 62 32 16 13 
63 56 53 63 56 51 61 36 31 61 
36 35 65 43 46 36 13 15 35 43 
42 32 63 62 32 16 13 63 56 53 
63 56 51 61 36 31 61 36 35 65 
83 86 82 62 32 16 15 13 65 16 
36 53 56 36 53 51 31 63 61 31 
63 65 86 35 13 15 35 83 63 86 
84 64 18 16 86 38 34 84 13 18 
38 53 56 36 53 58 38 53 51 31 
63 68 38 63 61 31 26 23 24 63 
26 46 42 62 64 86 81 61 36 32 
62 53 56 57 36 25 23 24 53 25 
45 42 52 54 65 67 24 26 46 42 
57 62 64 24 25 26 45 46 42 56 
52 35 36 56 43 45 35 23 25 35 
23 24 34 53 54 34 53 52 32 85 
83 53 15 13 53 15 18 58 15 17 
57 35 38 58 35 37 57 43 42 45 
32 83 87 37 23 25 24 54 52 34 
65 63 64 53 65 62 52 42 46 45 
65 25 26 24 56 54 52 15 42 62 
64 16 24 56 25 45 42 52 54 35 
32 52 13 15 35 63 65 35 16 2h 
8h 2h 14 73 78 7h 7h 38 43 42 
4h 7h 4h 4h 32 57 53 5h 3h 4h 
4h 6h 51 23 26 25 65 35 26 23 
63 26 24 64 26 